294925
294916
294884
294883
294880
294877
294875
294852
294818
294817
294816
294815
294813
294809
294775
294774
294772
294769
294749
294747
294743
294742
294741
294722
294721
294718
294716
294715
294710
294703
294653
294636
294634
294633
294632
294593
294591
294590
294588
294587
294586
294563
294558
294556
294553
294531
294530
294529
294527
294526
294525
294524
294503
294502
294310
294308
294307
294305
294242
294241
294212
294210
294208
294205
294201
294200
294199
294156
294155
294154
294152
294131
294128
294013
294012
294011
294010
294009
