292397
292298
292274
292273
292270
292269
292265
292242
292241
292240
292192
292168
292167
292166
292164
292163
292162
292161
292160
292140
292115
292114
292109
292108
292107
292106
292081
292080
292077
292075
292062
292061
292060
292040
292012
291982
291976
291953
291948
291945
291944
291943
291942
291803
291796
291795
291769
291760
291756
291755
291729
291706
291698
291697
291694
291692
291690
291665
291661
291657
291626
291625
291624
291622
291618
291615
291614
291590
291485
291484
291482
291481
291457
291456
291453
291451
291447
291446
291420
291419
291417
291416
291402
291400
291399
291397
291375
291373
291363
291362
291361
291360
291286
291285
291284
291283
291282
291265
291263
291110
291100
291066
291065
291041
291037
291035
291006
291005
291004
291003
291002
290980
290979
290976
290975
290948
290944
290943
290935
290932
290895
290894
290892
290862
290860
290853
290848
290790
290787
290776
290774
290769
290766
290764
290742
290721
290699
290696
290692
290687
290665
290660
290658
290645
290632
290627
290615
290614
290613
290612
290590
290553
290550
290549
290544
290540
290539
290538
290501
290499
290469
290467
290459
290458
290456
290428
290427
290425
290423
290421
290420
290418
290411
290404
290401
290375
290374
290350
290327
290324
290323
290300
290297
290293
290254
290223
290222
