280140
280135
280134
280131
280126
280118
280114
280111
280108
280066
280052
280051
280049
279955
279954
279952
279893
279890
279886
279884
279880
279879
279855
279854
279853
279830
279827
279826
279773
279749
279747
279719
279718
279715
279689
279688
279684
279683
279682
279679
279677
279676
279642
279641
279600
279598
279597
279583
279565
279564
279563
279562
279561
279560
279559
279488
279487
279483
279441
279439
279435
279410
279391
279355
279354
279349
279348
279344
279342
279312
279310
279309
279274
279273
279270
279268
279267
279265
279264
279242
279238
279235
279234
279208
279207
279201
279199
279157
279155
279130
279125
279123
279122
279117
279106
279075
279074
279073
279068
279044
279043
279041
279038
279037
279036
279008
279007
279005
278999
278964
278963
278959
278941
278939
278936
278915
278914
