278216
278215
278191
278189
278167
278166
278165
278164
278163
278130
278127
278126
278123
278122
278121
277996
277991
277989
277988
277987
277952
277930
277907
277904
277903
277901
277900
277899
277898
277897
277876
277870
277848
277847
277842
277841
277836
277834
277801
277800
277799
277795
277794
277749
277747
277746
277725
277577
277576
277575
277574
277537
277536
277531
277530
277479
277478
277476
277473
277472
277470
277418
277417
277389
277386
277384
277383
277360
277314
277312
277310
277293
277262
277256
277197
277196
277194
277193
277189
277188
277184
277183
277182
277181
277180
277155
277121
277117
277091
277087
277082
277079
277076
277073
277037
277017
277016
277015
276972
276971
276970
276969
276920
276917
276916
276762
276675
276674
276672
276671
276670
276669
276644
276608
276557
276553
276552
276551
