258537
258499
258498
258477
258456
258454
258452
258426
258399
258393
258391
258388
258387
258359
258336
258332
258307
258306
258303
258302
258301
258299
258280
258278
258274
258273
258271
258270
258258
258257
258256
258204
258203
258202
258197
258178
258117
258114
258113
258109
258108
258107
258063
258062
258060
258059
258049
258048
258045
258042
258041
258039
258019
258017
258014
258012
258008
257989
257986
257979
257963
257960
257958
257957
257939
257937
257936
257932
257912
257901
257893
257892
257737
257735
257734
257733
257727
257725
257724
257697
257694
257688
257687
257685
257684
257682
257644
257642
257636
257635
257632
257630
257606
257605
257604
257601
257595
257594
257592
257590
257588
257587
257566
257565
257564
257563
257562
257561
257560
257541
257540
257531
257530
257492
257491
257490
257488
257487
257474
257468
257457
257433
257364
257358
257330
257322
257320
257318
257260
257224
257095
257092
257086
257084
257083
257082
257080
257077
257071
257026
257021
257012
257011
256944
256942
256941
256697
256695
256694
256691
256684
256681
256677
256676
256658
256620
256619
256591
256567
256565
256564
256561
256560
256557
256556
256554
256552
256512
256510
256506
256504
