258537
258499
258498
258477
258456
258454
258452
258426
258399
258393
258391
258388
258387
258359
258336
258332
258307
258306
258303
258302
258301
258299
258280
258278
258274
258273
258271
258270
258258
258257
258256
258204
258203
258202
258197
258178
258117
258114
258113
258109
258108
258107
258063
258062
258060
258059
258049
258048
258045
258042
258041
258039
258019
258017
258014
258012
258008
257989
257986
257979
257963
257960
257958
257957
257939
257937
257936
257932
257912
257901
257893
257892
257737
257735
257734
257733
257727
257725
257724
257697
257694
257688
257687
257685
257684
257682
257644
257642
