273103
273101
273100
273099
273077
273010
273009
272985
272983
272976
272949
272947
272939
272935
272934
272933
272932
272905
272903
272880
272873
272871
272870
272836
272835
272834
272833
272829
272828
272784
272783
272782
272762
272760
272749
272747
272746
272692
272691
272620
272619
272608
272607
272585
272577
272575
272574
272521
272469
272468
272466
272463
272462
272461
272414
272413
272411
272400
272394
272360
272359
272335
272194
272156
272155
272154
272153
272152
272151
272123
272101
272100
272076
272075
272042
272041
272040
272039
272038
272036
272034
272030
272029
272025
272020
271970
271969
271962
271955
271953
271946
271925
271921
271915
271912
271886
271879
271878
271874
271873
271871
271870
271868
