276508
276507
276506
276500
276462
276461
276439
276438
276437
276435
276434
276432
276429
276351
276348
276302
276297
276294
276292
276291
276290
276259
276230
276205
276178
276177
276170
276169
276166
276145
276141
276140
276108
276105
276104
276102
276099
276098
275664
275661
275657
275650
275648
275624
275559
275558
275515
275472
275471
275467
275459
275457
275453
275452
275448
275406
275404
275401
275369
275361
275360
275357
275332
275328
275283
275247
275246
275245
275188
275177
275175
275174
275173
275151
275150
275149
275076
275075
275073
275070
275068
275067
274979
274978
274886
274884
274883
274882
274822
274817
274815
274811
274807
274806
274803
274802
274801
274743
274736
274708
