281961
281956
281953
281946
281940
281939
281931
281928
281918
281916
281915
281894
281893
281892
281755
281754
281753
281751
281750
281741
281713
281709
281707
281706
281705
281672
281667
281664
281658
281655
281654
281651
281645
281642
281640
281635
281634
281633
281592
281583
281581
281580
281574
281569
281568
281563
281562
281557
281511
281509
281477
281475
281450
281449
281446
281444
281441
281415
281321
281301
281277
281275
281244
281243
281242
281241
281240
281213
281212
281191
281190
281181
281180
281179
281081
281080
281079
281062
281061
281060
281036
281035
281033
281032
280998
280997
280996
280994
280990
280947
280943
280940
280936
280897
280890
280881
280880
280856
280848
280847
280845
280844
280842
280793
280792
280786
280768
280767
280766
280765
280764
280763
280761
280756
280755
280754
280753
280706
280705
280681
280679
280676
280671
280650
280648
280647
280645
280639
280637
280634
280613
280583
280581
280576
280575
280574
280551
280550
280547
280546
280519
280518
280448
280447
280446
280445
280443
280419
280418
280415
280413
280412
280406
280405
280403
280375
280374
280352
280351
280350
280349
280348
280312
280310
280290
280286
280285
280284
280283
280282
