255467
255466
255465
255463
255447
255442
255440
255415
255402
255398
255352
255351
255350
255283
255280
255276
255275
255256
255255
255253
255252
255251
255249
255248
255247
255242
255240
255182
255180
255177
255176
255173
255171
255167
255162
255159
255154
255111
255091
255086
255085
255082
255079
255076
255075
255074
255073
255071
255068
255042
255010
255009
255008
254984
254983
254654
254653
254652
254651
254649
254648
254646
254644
254640
254632
254630
254629
254621
254608
254606
254604
254419
