257636
257635
257632
257630
257606
257605
257604
257601
257595
257594
257592
257590
257588
257587
257566
257565
257564
257563
257562
257561
257560
257541
257540
257531
257530
257492
257491
257490
257488
257487
257474
257468
257457
257433
257364
257358
257330
257322
257320
257318
257260
257224
257095
257092
257086
257084
257083
257082
257080
257077
257071
257026
257021
257012
257011
256944
256942
256941
256697
256695
256694
256691
256684
256681
256677
256676
256658
256620
256619
256591
256567
256565
256564
256561
256560
256557
256556
256554
256552
256512
256510
256506
256504
